1.jpg 1 0 0 30 30
2.jpg 1 0 0 30 30
3.jpg 1 0 0 30 30
4.jpg 1 0 0 30 30
5.jpg 1 0 0 30 30
6.jpg 1 0 0 30 30
7.jpg 1 0 0 30 30
8.jpg 1 0 0 30 30
9.jpg 1 0 0 30 30
10.jpg 1 0 0 30 30
11.jpg 1 0 0 30 30
12.jpg 1 0 0 30 30
13.jpg 1 0 0 30 30
14.jpg 1 0 0 30 30
15.jpg 1 0 0 30 30
16.jpg 1 0 0 30 30
17.jpg 1 0 0 30 30
18.jpg 1 0 0 30 30
19.jpg 1 0 0 30 30
20.jpg 1 0 0 30 30
21.jpg 1 0 0 30 30
22.jpg 1 0 0 30 30
23.jpg 1 0 0 30 30
24.jpg 1 0 0 30 30
25.jpg 1 0 0 30 30
26.jpg 1 0 0 30 30
27.jpg 1 0 0 30 30
28.jpg 1 0 0 30 30
29.jpg 1 0 0 30 30
30.jpg 1 0 0 30 30
31.jpg 1 0 0 30 30
32.jpg 1 0 0 30 30
33.jpg 1 0 0 30 30
34.jpg 1 0 0 30 30
35.jpg 1 0 0 30 30
36.jpg 1 0 0 30 30
37.jpg 1 0 0 30 30
38.jpg 1 0 0 30 30
39.jpg 1 0 0 30 30
40.jpg 1 0 0 30 30
41.jpg 1 0 0 30 30
42.jpg 1 0 0 30 30
43.jpg 1 0 0 30 30
44.jpg 1 0 0 30 30
45.jpg 1 0 0 30 30
46.jpg 1 0 0 30 30
47.jpg 1 0 0 30 30
48.jpg 1 0 0 30 30
49.jpg 1 0 0 30 30
50.jpg 1 0 0 30 30
51.jpg 1 0 0 30 30
52.jpg 1 0 0 30 30
53.jpg 1 0 0 30 30
54.jpg 1 0 0 30 30
55.jpg 1 0 0 30 30
56.jpg 1 0 0 30 30
57.jpg 1 0 0 30 30
58.jpg 1 0 0 30 30
59.jpg 1 0 0 30 30
60.jpg 1 0 0 30 30
61.jpg 1 0 0 30 30
62.jpg 1 0 0 30 30
63.jpg 1 0 0 30 30
64.jpg 1 0 0 30 30
65.jpg 1 0 0 30 30
66.jpg 1 0 0 30 30
67.jpg 1 0 0 30 30
68.jpg 1 0 0 30 30
69.jpg 1 0 0 30 30
70.jpg 1 0 0 30 30
71.jpg 1 0 0 30 30
72.jpg 1 0 0 30 30
73.jpg 1 0 0 30 30
74.jpg 1 0 0 30 30
75.jpg 1 0 0 30 30
76.jpg 1 0 0 30 30
77.jpg 1 0 0 30 30
78.jpg 1 0 0 30 30
79.jpg 1 0 0 30 30
80.jpg 1 0 0 30 30
81.jpg 1 0 0 30 30
82.jpg 1 0 0 30 30
83.jpg 1 0 0 30 30
84.jpg 1 0 0 30 30
85.jpg 1 0 0 30 30
86.jpg 1 0 0 30 30
87.jpg 1 0 0 30 30
88.jpg 1 0 0 30 30
89.jpg 1 0 0 30 30
90.jpg 1 0 0 30 30
91.jpg 1 0 0 30 30
92.jpg 1 0 0 30 30
93.jpg 1 0 0 30 30
94.jpg 1 0 0 30 30
95.jpg 1 0 0 30 30
96.jpg 1 0 0 30 30
97.jpg 1 0 0 30 30
98.jpg 1 0 0 30 30
99.jpg 1 0 0 30 30
100.jpg 1 0 0 30 30
101.jpg 1 0 0 30 30
102.jpg 1 0 0 30 30
103.jpg 1 0 0 30 30
104.jpg 1 0 0 30 30
105.jpg 1 0 0 30 30
106.jpg 1 0 0 30 30
107.jpg 1 0 0 30 30
108.jpg 1 0 0 30 30
109.jpg 1 0 0 30 30
110.jpg 1 0 0 30 30
111.jpg 1 0 0 30 30
112.jpg 1 0 0 30 30
113.jpg 1 0 0 30 30
114.jpg 1 0 0 30 30
115.jpg 1 0 0 30 30
116.jpg 1 0 0 30 30
117.jpg 1 0 0 30 30
118.jpg 1 0 0 30 30
119.jpg 1 0 0 30 30
120.jpg 1 0 0 30 30
121.jpg 1 0 0 30 30
122.jpg 1 0 0 30 30
123.jpg 1 0 0 30 30
124.jpg 1 0 0 30 30
125.jpg 1 0 0 30 30
126.jpg 1 0 0 30 30
127.jpg 1 0 0 30 30
128.jpg 1 0 0 30 30
129.jpg 1 0 0 30 30
130.jpg 1 0 0 30 30
131.jpg 1 0 0 30 30
132.jpg 1 0 0 30 30
133.jpg 1 0 0 30 30
134.jpg 1 0 0 30 30
135.jpg 1 0 0 30 30
136.jpg 1 0 0 30 30
137.jpg 1 0 0 30 30
138.jpg 1 0 0 30 30
139.jpg 1 0 0 30 30
140.jpg 1 0 0 30 30
141.jpg 1 0 0 30 30
142.jpg 1 0 0 30 30
143.jpg 1 0 0 30 30
144.jpg 1 0 0 30 30
145.jpg 1 0 0 30 30
146.jpg 1 0 0 30 30
147.jpg 1 0 0 30 30
148.jpg 1 0 0 30 30
149.jpg 1 0 0 30 30
150.jpg 1 0 0 30 30
151.jpg 1 0 0 30 30
152.jpg 1 0 0 30 30
153.jpg 1 0 0 30 30
154.jpg 1 0 0 30 30
155.jpg 1 0 0 30 30
156.jpg 1 0 0 30 30
157.jpg 1 0 0 30 30
158.jpg 1 0 0 30 30
159.jpg 1 0 0 30 30
160.jpg 1 0 0 30 30
161.jpg 1 0 0 30 30
162.jpg 1 0 0 30 30
163.jpg 1 0 0 30 30
164.jpg 1 0 0 30 30
165.jpg 1 0 0 30 30
166.jpg 1 0 0 30 30
167.jpg 1 0 0 30 30
168.jpg 1 0 0 30 30
169.jpg 1 0 0 30 30
170.jpg 1 0 0 30 30
171.jpg 1 0 0 30 30
172.jpg 1 0 0 30 30
173.jpg 1 0 0 30 30
174.jpg 1 0 0 30 30
175.jpg 1 0 0 30 30
176.jpg 1 0 0 30 30
177.jpg 1 0 0 30 30
178.jpg 1 0 0 30 30
179.jpg 1 0 0 30 30
180.jpg 1 0 0 30 30
181.jpg 1 0 0 30 30
182.jpg 1 0 0 30 30
183.jpg 1 0 0 30 30
184.jpg 1 0 0 30 30
185.jpg 1 0 0 30 30
186.jpg 1 0 0 30 30
187.jpg 1 0 0 30 30
188.jpg 1 0 0 30 30
189.jpg 1 0 0 30 30
190.jpg 1 0 0 30 30
191.jpg 1 0 0 30 30
192.jpg 1 0 0 30 30
193.jpg 1 0 0 30 30
194.jpg 1 0 0 30 30
195.jpg 1 0 0 30 30
196.jpg 1 0 0 30 30
197.jpg 1 0 0 30 30
198.jpg 1 0 0 30 30
199.jpg 1 0 0 30 30
200.jpg 1 0 0 30 30
201.jpg 1 0 0 30 30
202.jpg 1 0 0 30 30
203.jpg 1 0 0 30 30
204.jpg 1 0 0 30 30
205.jpg 1 0 0 30 30
206.jpg 1 0 0 30 30
207.jpg 1 0 0 30 30
208.jpg 1 0 0 30 30
209.jpg 1 0 0 30 30
210.jpg 1 0 0 30 30
211.jpg 1 0 0 30 30
212.jpg 1 0 0 30 30
213.jpg 1 0 0 30 30
214.jpg 1 0 0 30 30
215.jpg 1 0 0 30 30
216.jpg 1 0 0 30 30
217.jpg 1 0 0 30 30
218.jpg 1 0 0 30 30
219.jpg 1 0 0 30 30
220.jpg 1 0 0 30 30
221.jpg 1 0 0 30 30
222.jpg 1 0 0 30 30
223.jpg 1 0 0 30 30
224.jpg 1 0 0 30 30
225.jpg 1 0 0 30 30
226.jpg 1 0 0 30 30
227.jpg 1 0 0 30 30
228.jpg 1 0 0 30 30
229.jpg 1 0 0 30 30
230.jpg 1 0 0 30 30
231.jpg 1 0 0 30 30
232.jpg 1 0 0 30 30
233.jpg 1 0 0 30 30
234.jpg 1 0 0 30 30
235.jpg 1 0 0 30 30
236.jpg 1 0 0 30 30
237.jpg 1 0 0 30 30
238.jpg 1 0 0 30 30
239.jpg 1 0 0 30 30
240.jpg 1 0 0 30 30
241.jpg 1 0 0 30 30
242.jpg 1 0 0 30 30
243.jpg 1 0 0 30 30
244.jpg 1 0 0 30 30
245.jpg 1 0 0 30 30
246.jpg 1 0 0 30 30
247.jpg 1 0 0 30 30
248.jpg 1 0 0 30 30
249.jpg 1 0 0 30 30
250.jpg 1 0 0 30 30
251.jpg 1 0 0 30 30
252.jpg 1 0 0 30 30
253.jpg 1 0 0 30 30
254.jpg 1 0 0 30 30
255.jpg 1 0 0 30 30
256.jpg 1 0 0 30 30
257.jpg 1 0 0 30 30
258.jpg 1 0 0 30 30
259.jpg 1 0 0 30 30
260.jpg 1 0 0 30 30
261.jpg 1 0 0 30 30
262.jpg 1 0 0 30 30
263.jpg 1 0 0 30 30
264.jpg 1 0 0 30 30
265.jpg 1 0 0 30 30
266.jpg 1 0 0 30 30
267.jpg 1 0 0 30 30
268.jpg 1 0 0 30 30
269.jpg 1 0 0 30 30
270.jpg 1 0 0 30 30
271.jpg 1 0 0 30 30
272.jpg 1 0 0 30 30
273.jpg 1 0 0 30 30
274.jpg 1 0 0 30 30
275.jpg 1 0 0 30 30
276.jpg 1 0 0 30 30
277.jpg 1 0 0 30 30
278.jpg 1 0 0 30 30
279.jpg 1 0 0 30 30
280.jpg 1 0 0 30 30
281.jpg 1 0 0 30 30
282.jpg 1 0 0 30 30
283.jpg 1 0 0 30 30
284.jpg 1 0 0 30 30
285.jpg 1 0 0 30 30
286.jpg 1 0 0 30 30
287.jpg 1 0 0 30 30
288.jpg 1 0 0 30 30
289.jpg 1 0 0 30 30
290.jpg 1 0 0 30 30
291.jpg 1 0 0 30 30
292.jpg 1 0 0 30 30
293.jpg 1 0 0 30 30
294.jpg 1 0 0 30 30
295.jpg 1 0 0 30 30
296.jpg 1 0 0 30 30
297.jpg 1 0 0 30 30
298.jpg 1 0 0 30 30
299.jpg 1 0 0 30 30
300.jpg 1 0 0 30 30
301.jpg 1 0 0 30 30
302.jpg 1 0 0 30 30
303.jpg 1 0 0 30 30
304.jpg 1 0 0 30 30
305.jpg 1 0 0 30 30
306.jpg 1 0 0 30 30
307.jpg 1 0 0 30 30
308.jpg 1 0 0 30 30
309.jpg 1 0 0 30 30
310.jpg 1 0 0 30 30
311.jpg 1 0 0 30 30
312.jpg 1 0 0 30 30
313.jpg 1 0 0 30 30
314.jpg 1 0 0 30 30
315.jpg 1 0 0 30 30
316.jpg 1 0 0 30 30
317.jpg 1 0 0 30 30
318.jpg 1 0 0 30 30
319.jpg 1 0 0 30 30
320.jpg 1 0 0 30 30
321.jpg 1 0 0 30 30
322.jpg 1 0 0 30 30
323.jpg 1 0 0 30 30
324.jpg 1 0 0 30 30
325.jpg 1 0 0 30 30
326.jpg 1 0 0 30 30
327.jpg 1 0 0 30 30
328.jpg 1 0 0 30 30
329.jpg 1 0 0 30 30
330.jpg 1 0 0 30 30
331.jpg 1 0 0 30 30
332.jpg 1 0 0 30 30
333.jpg 1 0 0 30 30
334.jpg 1 0 0 30 30
335.jpg 1 0 0 30 30
336.jpg 1 0 0 30 30
337.jpg 1 0 0 30 30
338.jpg 1 0 0 30 30
339.jpg 1 0 0 30 30
340.jpg 1 0 0 30 30
341.jpg 1 0 0 30 30
342.jpg 1 0 0 30 30
343.jpg 1 0 0 30 30
344.jpg 1 0 0 30 30
345.jpg 1 0 0 30 30
346.jpg 1 0 0 30 30
347.jpg 1 0 0 30 30
348.jpg 1 0 0 30 30
349.jpg 1 0 0 30 30
350.jpg 1 0 0 30 30
351.jpg 1 0 0 30 30
352.jpg 1 0 0 30 30
353.jpg 1 0 0 30 30
354.jpg 1 0 0 30 30
355.jpg 1 0 0 30 30
356.jpg 1 0 0 30 30
357.jpg 1 0 0 30 30
358.jpg 1 0 0 30 30
359.jpg 1 0 0 30 30
360.jpg 1 0 0 30 30
361.jpg 1 0 0 30 30
362.jpg 1 0 0 30 30
363.jpg 1 0 0 30 30
364.jpg 1 0 0 30 30
365.jpg 1 0 0 30 30
366.jpg 1 0 0 30 30
367.jpg 1 0 0 30 30
368.jpg 1 0 0 30 30
369.jpg 1 0 0 30 30
370.jpg 1 0 0 30 30
371.jpg 1 0 0 30 30
372.jpg 1 0 0 30 30
373.jpg 1 0 0 30 30
374.jpg 1 0 0 30 30
375.jpg 1 0 0 30 30
376.jpg 1 0 0 30 30
377.jpg 1 0 0 30 30
378.jpg 1 0 0 30 30
379.jpg 1 0 0 30 30
380.jpg 1 0 0 30 30
381.jpg 1 0 0 30 30
382.jpg 1 0 0 30 30
383.jpg 1 0 0 30 30
384.jpg 1 0 0 30 30
385.jpg 1 0 0 30 30
386.jpg 1 0 0 30 30
387.jpg 1 0 0 30 30
388.jpg 1 0 0 30 30
389.jpg 1 0 0 30 30
390.jpg 1 0 0 30 30
391.jpg 1 0 0 30 30
392.jpg 1 0 0 30 30
393.jpg 1 0 0 30 30
394.jpg 1 0 0 30 30
395.jpg 1 0 0 30 30
396.jpg 1 0 0 30 30
397.jpg 1 0 0 30 30
398.jpg 1 0 0 30 30
399.jpg 1 0 0 30 30
400.jpg 1 0 0 30 30
401.jpg 1 0 0 30 30
402.jpg 1 0 0 30 30
403.jpg 1 0 0 30 30
404.jpg 1 0 0 30 30
405.jpg 1 0 0 30 30
406.jpg 1 0 0 30 30
407.jpg 1 0 0 30 30
408.jpg 1 0 0 30 30
409.jpg 1 0 0 30 30
410.jpg 1 0 0 30 30
411.jpg 1 0 0 30 30
412.jpg 1 0 0 30 30
413.jpg 1 0 0 30 30
414.jpg 1 0 0 30 30
415.jpg 1 0 0 30 30
416.jpg 1 0 0 30 30
417.jpg 1 0 0 30 30
418.jpg 1 0 0 30 30
419.jpg 1 0 0 30 30
420.jpg 1 0 0 30 30
421.jpg 1 0 0 30 30
422.jpg 1 0 0 30 30
423.jpg 1 0 0 30 30
424.jpg 1 0 0 30 30
425.jpg 1 0 0 30 30
426.jpg 1 0 0 30 30
427.jpg 1 0 0 30 30
428.jpg 1 0 0 30 30
429.jpg 1 0 0 30 30
430.jpg 1 0 0 30 30
431.jpg 1 0 0 30 30
432.jpg 1 0 0 30 30
433.jpg 1 0 0 30 30
434.jpg 1 0 0 30 30
435.jpg 1 0 0 30 30
436.jpg 1 0 0 30 30
437.jpg 1 0 0 30 30
438.jpg 1 0 0 30 30
439.jpg 1 0 0 30 30
440.jpg 1 0 0 30 30
441.jpg 1 0 0 30 30
442.jpg 1 0 0 30 30
443.jpg 1 0 0 30 30
444.jpg 1 0 0 30 30
445.jpg 1 0 0 30 30
446.jpg 1 0 0 30 30
447.jpg 1 0 0 30 30
448.jpg 1 0 0 30 30
449.jpg 1 0 0 30 30
450.jpg 1 0 0 30 30
451.jpg 1 0 0 30 30
452.jpg 1 0 0 30 30
453.jpg 1 0 0 30 30
454.jpg 1 0 0 30 30
455.jpg 1 0 0 30 30
456.jpg 1 0 0 30 30
457.jpg 1 0 0 30 30
458.jpg 1 0 0 30 30
459.jpg 1 0 0 30 30
460.jpg 1 0 0 30 30
461.jpg 1 0 0 30 30
462.jpg 1 0 0 30 30
463.jpg 1 0 0 30 30
464.jpg 1 0 0 30 30
465.jpg 1 0 0 30 30
466.jpg 1 0 0 30 30
467.jpg 1 0 0 30 30
468.jpg 1 0 0 30 30
469.jpg 1 0 0 30 30
470.jpg 1 0 0 30 30
471.jpg 1 0 0 30 30
472.jpg 1 0 0 30 30
473.jpg 1 0 0 30 30
474.jpg 1 0 0 30 30
475.jpg 1 0 0 30 30
476.jpg 1 0 0 30 30
477.jpg 1 0 0 30 30
478.jpg 1 0 0 30 30
479.jpg 1 0 0 30 30
480.jpg 1 0 0 30 30
481.jpg 1 0 0 30 30
482.jpg 1 0 0 30 30
483.jpg 1 0 0 30 30
484.jpg 1 0 0 30 30
485.jpg 1 0 0 30 30
486.jpg 1 0 0 30 30
487.jpg 1 0 0 30 30
488.jpg 1 0 0 30 30
489.jpg 1 0 0 30 30
490.jpg 1 0 0 30 30
491.jpg 1 0 0 30 30
492.jpg 1 0 0 30 30
493.jpg 1 0 0 30 30
494.jpg 1 0 0 30 30
495.jpg 1 0 0 30 30
496.jpg 1 0 0 30 30
497.jpg 1 0 0 30 30
498.jpg 1 0 0 30 30
499.jpg 1 0 0 30 30
500.jpg 1 0 0 30 30
501.jpg 1 0 0 30 30
502.jpg 1 0 0 30 30
503.jpg 1 0 0 30 30
504.jpg 1 0 0 30 30
505.jpg 1 0 0 30 30
506.jpg 1 0 0 30 30
507.jpg 1 0 0 30 30
508.jpg 1 0 0 30 30
509.jpg 1 0 0 30 30
510.jpg 1 0 0 30 30
511.jpg 1 0 0 30 30
512.jpg 1 0 0 30 30
513.jpg 1 0 0 30 30
514.jpg 1 0 0 30 30
515.jpg 1 0 0 30 30
516.jpg 1 0 0 30 30
517.jpg 1 0 0 30 30
518.jpg 1 0 0 30 30
519.jpg 1 0 0 30 30
520.jpg 1 0 0 30 30
521.jpg 1 0 0 30 30
522.jpg 1 0 0 30 30
523.jpg 1 0 0 30 30
524.jpg 1 0 0 30 30
525.jpg 1 0 0 30 30
526.jpg 1 0 0 30 30
527.jpg 1 0 0 30 30
528.jpg 1 0 0 30 30
529.jpg 1 0 0 30 30
530.jpg 1 0 0 30 30
531.jpg 1 0 0 30 30
532.jpg 1 0 0 30 30
533.jpg 1 0 0 30 30
534.jpg 1 0 0 30 30
535.jpg 1 0 0 30 30
536.jpg 1 0 0 30 30
537.jpg 1 0 0 30 30
538.jpg 1 0 0 30 30
539.jpg 1 0 0 30 30
540.jpg 1 0 0 30 30
541.jpg 1 0 0 30 30
542.jpg 1 0 0 30 30
543.jpg 1 0 0 30 30
544.jpg 1 0 0 30 30
545.jpg 1 0 0 30 30
546.jpg 1 0 0 30 30
547.jpg 1 0 0 30 30
548.jpg 1 0 0 30 30
549.jpg 1 0 0 30 30
550.jpg 1 0 0 30 30
551.jpg 1 0 0 30 30
552.jpg 1 0 0 30 30
553.jpg 1 0 0 30 30
554.jpg 1 0 0 30 30
555.jpg 1 0 0 30 30
556.jpg 1 0 0 30 30
557.jpg 1 0 0 30 30
558.jpg 1 0 0 30 30
559.jpg 1 0 0 30 30
560.jpg 1 0 0 30 30
561.jpg 1 0 0 30 30
562.jpg 1 0 0 30 30
563.jpg 1 0 0 30 30
564.jpg 1 0 0 30 30
565.jpg 1 0 0 30 30
566.jpg 1 0 0 30 30
567.jpg 1 0 0 30 30
568.jpg 1 0 0 30 30
569.jpg 1 0 0 30 30
570.jpg 1 0 0 30 30
571.jpg 1 0 0 30 30
572.jpg 1 0 0 30 30
573.jpg 1 0 0 30 30
574.jpg 1 0 0 30 30
575.jpg 1 0 0 30 30
576.jpg 1 0 0 30 30
577.jpg 1 0 0 30 30
578.jpg 1 0 0 30 30
579.jpg 1 0 0 30 30
580.jpg 1 0 0 30 30
581.jpg 1 0 0 30 30
582.jpg 1 0 0 30 30
583.jpg 1 0 0 30 30
584.jpg 1 0 0 30 30
585.jpg 1 0 0 30 30
586.jpg 1 0 0 30 30
587.jpg 1 0 0 30 30
588.jpg 1 0 0 30 30
589.jpg 1 0 0 30 30
590.jpg 1 0 0 30 30
591.jpg 1 0 0 30 30
592.jpg 1 0 0 30 30
593.jpg 1 0 0 30 30
594.jpg 1 0 0 30 30
595.jpg 1 0 0 30 30
596.jpg 1 0 0 30 30
597.jpg 1 0 0 30 30
598.jpg 1 0 0 30 30
599.jpg 1 0 0 30 30
600.jpg 1 0 0 30 30
601.jpg 1 0 0 30 30
602.jpg 1 0 0 30 30
603.jpg 1 0 0 30 30
604.jpg 1 0 0 30 30
605.jpg 1 0 0 30 30
606.jpg 1 0 0 30 30
607.jpg 1 0 0 30 30
608.jpg 1 0 0 30 30
609.jpg 1 0 0 30 30
610.jpg 1 0 0 30 30
611.jpg 1 0 0 30 30
612.jpg 1 0 0 30 30
613.jpg 1 0 0 30 30
614.jpg 1 0 0 30 30
615.jpg 1 0 0 30 30
616.jpg 1 0 0 30 30
617.jpg 1 0 0 30 30
618.jpg 1 0 0 30 30
619.jpg 1 0 0 30 30
620.jpg 1 0 0 30 30
621.jpg 1 0 0 30 30
622.jpg 1 0 0 30 30
623.jpg 1 0 0 30 30
624.jpg 1 0 0 30 30
625.jpg 1 0 0 30 30
626.jpg 1 0 0 30 30
627.jpg 1 0 0 30 30
628.jpg 1 0 0 30 30
629.jpg 1 0 0 30 30
630.jpg 1 0 0 30 30
631.jpg 1 0 0 30 30
632.jpg 1 0 0 30 30
633.jpg 1 0 0 30 30
634.jpg 1 0 0 30 30
635.jpg 1 0 0 30 30
636.jpg 1 0 0 30 30
637.jpg 1 0 0 30 30
638.jpg 1 0 0 30 30
639.jpg 1 0 0 30 30
640.jpg 1 0 0 30 30
641.jpg 1 0 0 30 30
642.jpg 1 0 0 30 30
643.jpg 1 0 0 30 30
644.jpg 1 0 0 30 30
645.jpg 1 0 0 30 30
646.jpg 1 0 0 30 30
647.jpg 1 0 0 30 30
648.jpg 1 0 0 30 30
649.jpg 1 0 0 30 30
650.jpg 1 0 0 30 30
651.jpg 1 0 0 30 30
652.jpg 1 0 0 30 30
653.jpg 1 0 0 30 30
654.jpg 1 0 0 30 30
655.jpg 1 0 0 30 30
656.jpg 1 0 0 30 30
657.jpg 1 0 0 30 30
658.jpg 1 0 0 30 30
659.jpg 1 0 0 30 30
660.jpg 1 0 0 30 30
661.jpg 1 0 0 30 30
662.jpg 1 0 0 30 30
663.jpg 1 0 0 30 30
664.jpg 1 0 0 30 30
665.jpg 1 0 0 30 30
666.jpg 1 0 0 30 30
667.jpg 1 0 0 30 30
668.jpg 1 0 0 30 30
669.jpg 1 0 0 30 30
670.jpg 1 0 0 30 30
671.jpg 1 0 0 30 30
672.jpg 1 0 0 30 30
673.jpg 1 0 0 30 30
674.jpg 1 0 0 30 30
675.jpg 1 0 0 30 30
676.jpg 1 0 0 30 30
677.jpg 1 0 0 30 30
678.jpg 1 0 0 30 30
679.jpg 1 0 0 30 30
680.jpg 1 0 0 30 30
681.jpg 1 0 0 30 30
682.jpg 1 0 0 30 30
683.jpg 1 0 0 30 30
684.jpg 1 0 0 30 30
685.jpg 1 0 0 30 30
686.jpg 1 0 0 30 30
687.jpg 1 0 0 30 30
688.jpg 1 0 0 30 30
689.jpg 1 0 0 30 30
690.jpg 1 0 0 30 30
691.jpg 1 0 0 30 30
692.jpg 1 0 0 30 30
693.jpg 1 0 0 30 30
694.jpg 1 0 0 30 30
695.jpg 1 0 0 30 30
696.jpg 1 0 0 30 30
697.jpg 1 0 0 30 30
698.jpg 1 0 0 30 30
699.jpg 1 0 0 30 30
700.jpg 1 0 0 30 30
701.jpg 1 0 0 30 30
702.jpg 1 0 0 30 30
703.jpg 1 0 0 30 30
704.jpg 1 0 0 30 30
705.jpg 1 0 0 30 30
706.jpg 1 0 0 30 30
707.jpg 1 0 0 30 30
708.jpg 1 0 0 30 30
709.jpg 1 0 0 30 30
710.jpg 1 0 0 30 30
711.jpg 1 0 0 30 30
712.jpg 1 0 0 30 30
713.jpg 1 0 0 30 30
714.jpg 1 0 0 30 30
715.jpg 1 0 0 30 30
716.jpg 1 0 0 30 30
717.jpg 1 0 0 30 30
718.jpg 1 0 0 30 30
719.jpg 1 0 0 30 30
720.jpg 1 0 0 30 30
721.jpg 1 0 0 30 30
722.jpg 1 0 0 30 30
723.jpg 1 0 0 30 30
724.jpg 1 0 0 30 30
725.jpg 1 0 0 30 30
726.jpg 1 0 0 30 30
727.jpg 1 0 0 30 30
728.jpg 1 0 0 30 30
729.jpg 1 0 0 30 30
730.jpg 1 0 0 30 30
731.jpg 1 0 0 30 30
732.jpg 1 0 0 30 30
733.jpg 1 0 0 30 30
734.jpg 1 0 0 30 30
735.jpg 1 0 0 30 30
736.jpg 1 0 0 30 30
737.jpg 1 0 0 30 30
738.jpg 1 0 0 30 30
739.jpg 1 0 0 30 30
740.jpg 1 0 0 30 30
741.jpg 1 0 0 30 30
742.jpg 1 0 0 30 30
743.jpg 1 0 0 30 30
744.jpg 1 0 0 30 30
745.jpg 1 0 0 30 30
746.jpg 1 0 0 30 30
747.jpg 1 0 0 30 30
748.jpg 1 0 0 30 30
749.jpg 1 0 0 30 30
750.jpg 1 0 0 30 30
751.jpg 1 0 0 30 30
752.jpg 1 0 0 30 30
753.jpg 1 0 0 30 30
754.jpg 1 0 0 30 30
755.jpg 1 0 0 30 30
756.jpg 1 0 0 30 30
757.jpg 1 0 0 30 30
758.jpg 1 0 0 30 30
759.jpg 1 0 0 30 30
760.jpg 1 0 0 30 30
761.jpg 1 0 0 30 30
762.jpg 1 0 0 30 30
763.jpg 1 0 0 30 30
764.jpg 1 0 0 30 30
765.jpg 1 0 0 30 30
766.jpg 1 0 0 30 30
767.jpg 1 0 0 30 30
768.jpg 1 0 0 30 30
769.jpg 1 0 0 30 30
770.jpg 1 0 0 30 30
771.jpg 1 0 0 30 30
772.jpg 1 0 0 30 30
773.jpg 1 0 0 30 30
774.jpg 1 0 0 30 30
775.jpg 1 0 0 30 30
776.jpg 1 0 0 30 30
777.jpg 1 0 0 30 30
778.jpg 1 0 0 30 30
779.jpg 1 0 0 30 30
780.jpg 1 0 0 30 30
781.jpg 1 0 0 30 30
782.jpg 1 0 0 30 30
783.jpg 1 0 0 30 30
784.jpg 1 0 0 30 30
785.jpg 1 0 0 30 30
786.jpg 1 0 0 30 30
787.jpg 1 0 0 30 30
788.jpg 1 0 0 30 30
789.jpg 1 0 0 30 30
790.jpg 1 0 0 30 30
791.jpg 1 0 0 30 30
792.jpg 1 0 0 30 30
793.jpg 1 0 0 30 30
794.jpg 1 0 0 30 30
795.jpg 1 0 0 30 30
796.jpg 1 0 0 30 30
797.jpg 1 0 0 30 30
798.jpg 1 0 0 30 30
799.jpg 1 0 0 30 30
800.jpg 1 0 0 30 30
801.jpg 1 0 0 30 30
802.jpg 1 0 0 30 30
803.jpg 1 0 0 30 30
804.jpg 1 0 0 30 30
805.jpg 1 0 0 30 30
806.jpg 1 0 0 30 30
807.jpg 1 0 0 30 30
808.jpg 1 0 0 30 30
809.jpg 1 0 0 30 30
810.jpg 1 0 0 30 30
811.jpg 1 0 0 30 30
812.jpg 1 0 0 30 30
813.jpg 1 0 0 30 30
814.jpg 1 0 0 30 30
815.jpg 1 0 0 30 30
816.jpg 1 0 0 30 30
817.jpg 1 0 0 30 30
818.jpg 1 0 0 30 30
819.jpg 1 0 0 30 30
820.jpg 1 0 0 30 30
821.jpg 1 0 0 30 30
822.jpg 1 0 0 30 30
823.jpg 1 0 0 30 30
824.jpg 1 0 0 30 30
825.jpg 1 0 0 30 30
826.jpg 1 0 0 30 30
827.jpg 1 0 0 30 30
828.jpg 1 0 0 30 30
829.jpg 1 0 0 30 30
830.jpg 1 0 0 30 30
831.jpg 1 0 0 30 30
832.jpg 1 0 0 30 30
833.jpg 1 0 0 30 30
834.jpg 1 0 0 30 30
835.jpg 1 0 0 30 30
836.jpg 1 0 0 30 30
837.jpg 1 0 0 30 30
838.jpg 1 0 0 30 30
839.jpg 1 0 0 30 30
840.jpg 1 0 0 30 30
841.jpg 1 0 0 30 30
842.jpg 1 0 0 30 30
843.jpg 1 0 0 30 30
844.jpg 1 0 0 30 30
845.jpg 1 0 0 30 30
846.jpg 1 0 0 30 30
847.jpg 1 0 0 30 30
848.jpg 1 0 0 30 30
849.jpg 1 0 0 30 30
850.jpg 1 0 0 30 30
851.jpg 1 0 0 30 30
852.jpg 1 0 0 30 30
853.jpg 1 0 0 30 30
854.jpg 1 0 0 30 30
855.jpg 1 0 0 30 30
856.jpg 1 0 0 30 30
857.jpg 1 0 0 30 30
858.jpg 1 0 0 30 30
859.jpg 1 0 0 30 30
860.jpg 1 0 0 30 30
861.jpg 1 0 0 30 30
862.jpg 1 0 0 30 30
863.jpg 1 0 0 30 30
864.jpg 1 0 0 30 30
865.jpg 1 0 0 30 30
866.jpg 1 0 0 30 30
867.jpg 1 0 0 30 30
868.jpg 1 0 0 30 30
869.jpg 1 0 0 30 30
870.jpg 1 0 0 30 30
871.jpg 1 0 0 30 30
872.jpg 1 0 0 30 30
873.jpg 1 0 0 30 30
874.jpg 1 0 0 30 30
875.jpg 1 0 0 30 30
876.jpg 1 0 0 30 30
877.jpg 1 0 0 30 30
878.jpg 1 0 0 30 30
879.jpg 1 0 0 30 30
880.jpg 1 0 0 30 30
881.jpg 1 0 0 30 30
882.jpg 1 0 0 30 30
883.jpg 1 0 0 30 30
884.jpg 1 0 0 30 30
885.jpg 1 0 0 30 30
886.jpg 1 0 0 30 30
887.jpg 1 0 0 30 30
888.jpg 1 0 0 30 30
889.jpg 1 0 0 30 30
890.jpg 1 0 0 30 30
891.jpg 1 0 0 30 30
892.jpg 1 0 0 30 30
893.jpg 1 0 0 30 30
894.jpg 1 0 0 30 30
895.jpg 1 0 0 30 30
896.jpg 1 0 0 30 30
897.jpg 1 0 0 30 30
898.jpg 1 0 0 30 30
899.jpg 1 0 0 30 30
900.jpg 1 0 0 30 30
901.jpg 1 0 0 30 30
902.jpg 1 0 0 30 30
903.jpg 1 0 0 30 30
904.jpg 1 0 0 30 30
905.jpg 1 0 0 30 30
906.jpg 1 0 0 30 30
907.jpg 1 0 0 30 30
908.jpg 1 0 0 30 30
909.jpg 1 0 0 30 30
910.jpg 1 0 0 30 30
911.jpg 1 0 0 30 30
912.jpg 1 0 0 30 30
913.jpg 1 0 0 30 30
914.jpg 1 0 0 30 30
915.jpg 1 0 0 30 30
916.jpg 1 0 0 30 30
917.jpg 1 0 0 30 30
918.jpg 1 0 0 30 30
919.jpg 1 0 0 30 30
920.jpg 1 0 0 30 30
921.jpg 1 0 0 30 30
922.jpg 1 0 0 30 30
923.jpg 1 0 0 30 30
924.jpg 1 0 0 30 30
925.jpg 1 0 0 30 30
926.jpg 1 0 0 30 30
927.jpg 1 0 0 30 30
928.jpg 1 0 0 30 30
929.jpg 1 0 0 30 30
930.jpg 1 0 0 30 30
931.jpg 1 0 0 30 30
932.jpg 1 0 0 30 30
933.jpg 1 0 0 30 30
934.jpg 1 0 0 30 30
935.jpg 1 0 0 30 30
936.jpg 1 0 0 30 30
937.jpg 1 0 0 30 30
938.jpg 1 0 0 30 30
939.jpg 1 0 0 30 30
940.jpg 1 0 0 30 30
941.jpg 1 0 0 30 30
942.jpg 1 0 0 30 30
943.jpg 1 0 0 30 30
944.jpg 1 0 0 30 30
945.jpg 1 0 0 30 30
946.jpg 1 0 0 30 30
947.jpg 1 0 0 30 30
948.jpg 1 0 0 30 30
949.jpg 1 0 0 30 30
950.jpg 1 0 0 30 30
951.jpg 1 0 0 30 30
952.jpg 1 0 0 30 30
953.jpg 1 0 0 30 30
954.jpg 1 0 0 30 30
955.jpg 1 0 0 30 30
956.jpg 1 0 0 30 30
957.jpg 1 0 0 30 30
958.jpg 1 0 0 30 30
959.jpg 1 0 0 30 30
960.jpg 1 0 0 30 30
961.jpg 1 0 0 30 30
962.jpg 1 0 0 30 30
963.jpg 1 0 0 30 30
964.jpg 1 0 0 30 30
965.jpg 1 0 0 30 30
966.jpg 1 0 0 30 30
967.jpg 1 0 0 30 30
968.jpg 1 0 0 30 30
969.jpg 1 0 0 30 30
970.jpg 1 0 0 30 30
971.jpg 1 0 0 30 30
972.jpg 1 0 0 30 30
973.jpg 1 0 0 30 30
974.jpg 1 0 0 30 30
975.jpg 1 0 0 30 30
976.jpg 1 0 0 30 30
977.jpg 1 0 0 30 30
978.jpg 1 0 0 30 30
979.jpg 1 0 0 30 30
980.jpg 1 0 0 30 30
981.jpg 1 0 0 30 30
982.jpg 1 0 0 30 30
983.jpg 1 0 0 30 30
984.jpg 1 0 0 30 30
985.jpg 1 0 0 30 30
986.jpg 1 0 0 30 30
987.jpg 1 0 0 30 30
988.jpg 1 0 0 30 30
989.jpg 1 0 0 30 30
990.jpg 1 0 0 30 30
991.jpg 1 0 0 30 30
992.jpg 1 0 0 30 30
993.jpg 1 0 0 30 30
994.jpg 1 0 0 30 30
995.jpg 1 0 0 30 30
996.jpg 1 0 0 30 30
997.jpg 1 0 0 30 30
998.jpg 1 0 0 30 30
999.jpg 1 0 0 30 30
1000.jpg 1 0 0 30 30
1001.jpg 1 0 0 30 30
1002.jpg 1 0 0 30 30
1003.jpg 1 0 0 30 30
1004.jpg 1 0 0 30 30
1005.jpg 1 0 0 30 30
1006.jpg 1 0 0 30 30
1007.jpg 1 0 0 30 30
1008.jpg 1 0 0 30 30
1009.jpg 1 0 0 30 30
1010.jpg 1 0 0 30 30
1011.jpg 1 0 0 30 30
1012.jpg 1 0 0 30 30
1013.jpg 1 0 0 30 30
1014.jpg 1 0 0 30 30
1015.jpg 1 0 0 30 30
1016.jpg 1 0 0 30 30
1017.jpg 1 0 0 30 30
1018.jpg 1 0 0 30 30
1019.jpg 1 0 0 30 30
1020.jpg 1 0 0 30 30
1021.jpg 1 0 0 30 30
1022.jpg 1 0 0 30 30
1023.jpg 1 0 0 30 30
1024.jpg 1 0 0 30 30
1025.jpg 1 0 0 30 30
1026.jpg 1 0 0 30 30
1027.jpg 1 0 0 30 30
1028.jpg 1 0 0 30 30
1029.jpg 1 0 0 30 30
1030.jpg 1 0 0 30 30
1031.jpg 1 0 0 30 30
1032.jpg 1 0 0 30 30
1033.jpg 1 0 0 30 30
1034.jpg 1 0 0 30 30
1035.jpg 1 0 0 30 30
1036.jpg 1 0 0 30 30
1037.jpg 1 0 0 30 30
1038.jpg 1 0 0 30 30
1039.jpg 1 0 0 30 30
1040.jpg 1 0 0 30 30
1041.jpg 1 0 0 30 30
1042.jpg 1 0 0 30 30
1043.jpg 1 0 0 30 30
1044.jpg 1 0 0 30 30
1045.jpg 1 0 0 30 30
1046.jpg 1 0 0 30 30
1047.jpg 1 0 0 30 30
1048.jpg 1 0 0 30 30
1049.jpg 1 0 0 30 30
1050.jpg 1 0 0 30 30
1051.jpg 1 0 0 30 30
1052.jpg 1 0 0 30 30
1053.jpg 1 0 0 30 30
1054.jpg 1 0 0 30 30
1055.jpg 1 0 0 30 30
1056.jpg 1 0 0 30 30
1057.jpg 1 0 0 30 30
1058.jpg 1 0 0 30 30
1059.jpg 1 0 0 30 30
1060.jpg 1 0 0 30 30
1061.jpg 1 0 0 30 30
1062.jpg 1 0 0 30 30
1063.jpg 1 0 0 30 30
1064.jpg 1 0 0 30 30
1065.jpg 1 0 0 30 30
1066.jpg 1 0 0 30 30
1067.jpg 1 0 0 30 30
1068.jpg 1 0 0 30 30
1069.jpg 1 0 0 30 30
1070.jpg 1 0 0 30 30
1071.jpg 1 0 0 30 30
1072.jpg 1 0 0 30 30
1073.jpg 1 0 0 30 30
1074.jpg 1 0 0 30 30
1075.jpg 1 0 0 30 30
1076.jpg 1 0 0 30 30
1077.jpg 1 0 0 30 30
1078.jpg 1 0 0 30 30
1079.jpg 1 0 0 30 30
1080.jpg 1 0 0 30 30
1081.jpg 1 0 0 30 30
1082.jpg 1 0 0 30 30
1083.jpg 1 0 0 30 30
1084.jpg 1 0 0 30 30
1085.jpg 1 0 0 30 30
1086.jpg 1 0 0 30 30
1087.jpg 1 0 0 30 30
1088.jpg 1 0 0 30 30
1089.jpg 1 0 0 30 30
1090.jpg 1 0 0 30 30
1091.jpg 1 0 0 30 30
1092.jpg 1 0 0 30 30
1093.jpg 1 0 0 30 30
1094.jpg 1 0 0 30 30
1095.jpg 1 0 0 30 30
1096.jpg 1 0 0 30 30
1097.jpg 1 0 0 30 30
1098.jpg 1 0 0 30 30
1099.jpg 1 0 0 30 30
1100.jpg 1 0 0 30 30
1101.jpg 1 0 0 30 30
1102.jpg 1 0 0 30 30
1103.jpg 1 0 0 30 30
1104.jpg 1 0 0 30 30
1105.jpg 1 0 0 30 30
1106.jpg 1 0 0 30 30
1107.jpg 1 0 0 30 30
1108.jpg 1 0 0 30 30
1109.jpg 1 0 0 30 30
1110.jpg 1 0 0 30 30
1111.jpg 1 0 0 30 30
1112.jpg 1 0 0 30 30
1113.jpg 1 0 0 30 30
1114.jpg 1 0 0 30 30
1115.jpg 1 0 0 30 30
1116.jpg 1 0 0 30 30
1117.jpg 1 0 0 30 30
1118.jpg 1 0 0 30 30
1119.jpg 1 0 0 30 30
1120.jpg 1 0 0 30 30
1121.jpg 1 0 0 30 30
1122.jpg 1 0 0 30 30
1123.jpg 1 0 0 30 30
1124.jpg 1 0 0 30 30
1125.jpg 1 0 0 30 30
1126.jpg 1 0 0 30 30
1127.jpg 1 0 0 30 30
1128.jpg 1 0 0 30 30
1129.jpg 1 0 0 30 30
1130.jpg 1 0 0 30 30
1131.jpg 1 0 0 30 30
1132.jpg 1 0 0 30 30
1133.jpg 1 0 0 30 30
1134.jpg 1 0 0 30 30
1135.jpg 1 0 0 30 30
1136.jpg 1 0 0 30 30
1137.jpg 1 0 0 30 30
1138.jpg 1 0 0 30 30
1139.jpg 1 0 0 30 30
1140.jpg 1 0 0 30 30
1141.jpg 1 0 0 30 30
1142.jpg 1 0 0 30 30
1143.jpg 1 0 0 30 30
1144.jpg 1 0 0 30 30
1145.jpg 1 0 0 30 30
1146.jpg 1 0 0 30 30
1147.jpg 1 0 0 30 30
1148.jpg 1 0 0 30 30
1149.jpg 1 0 0 30 30
1150.jpg 1 0 0 30 30
1151.jpg 1 0 0 30 30
1152.jpg 1 0 0 30 30
1153.jpg 1 0 0 30 30
1154.jpg 1 0 0 30 30
1155.jpg 1 0 0 30 30
1156.jpg 1 0 0 30 30
1157.jpg 1 0 0 30 30
1158.jpg 1 0 0 30 30
1159.jpg 1 0 0 30 30
1160.jpg 1 0 0 30 30
1161.jpg 1 0 0 30 30
1162.jpg 1 0 0 30 30
1163.jpg 1 0 0 30 30
1164.jpg 1 0 0 30 30
1165.jpg 1 0 0 30 30
1166.jpg 1 0 0 30 30
1167.jpg 1 0 0 30 30
1168.jpg 1 0 0 30 30
1169.jpg 1 0 0 30 30
1170.jpg 1 0 0 30 30
1171.jpg 1 0 0 30 30
1172.jpg 1 0 0 30 30
1173.jpg 1 0 0 30 30
1174.jpg 1 0 0 30 30
1175.jpg 1 0 0 30 30
1176.jpg 1 0 0 30 30
1177.jpg 1 0 0 30 30
1178.jpg 1 0 0 30 30
1179.jpg 1 0 0 30 30
1180.jpg 1 0 0 30 30
1181.jpg 1 0 0 30 30
1182.jpg 1 0 0 30 30
1183.jpg 1 0 0 30 30
1184.jpg 1 0 0 30 30
1185.jpg 1 0 0 30 30
1186.jpg 1 0 0 30 30
1187.jpg 1 0 0 30 30
1188.jpg 1 0 0 30 30
1189.jpg 1 0 0 30 30
1190.jpg 1 0 0 30 30
1191.jpg 1 0 0 30 30
1192.jpg 1 0 0 30 30
1193.jpg 1 0 0 30 30
1194.jpg 1 0 0 30 30
1195.jpg 1 0 0 30 30
1196.jpg 1 0 0 30 30
1197.jpg 1 0 0 30 30
1198.jpg 1 0 0 30 30
1199.jpg 1 0 0 30 30
1200.jpg 1 0 0 30 30
1201.jpg 1 0 0 30 30
1202.jpg 1 0 0 30 30
1203.jpg 1 0 0 30 30
1204.jpg 1 0 0 30 30
1205.jpg 1 0 0 30 30
1206.jpg 1 0 0 30 30
1207.jpg 1 0 0 30 30
1208.jpg 1 0 0 30 30
1209.jpg 1 0 0 30 30
1210.jpg 1 0 0 30 30
1211.jpg 1 0 0 30 30
1212.jpg 1 0 0 30 30
1213.jpg 1 0 0 30 30
1214.jpg 1 0 0 30 30
1215.jpg 1 0 0 30 30
1216.jpg 1 0 0 30 30
1217.jpg 1 0 0 30 30
1218.jpg 1 0 0 30 30
1219.jpg 1 0 0 30 30
1220.jpg 1 0 0 30 30
1221.jpg 1 0 0 30 30
1222.jpg 1 0 0 30 30
1223.jpg 1 0 0 30 30
1224.jpg 1 0 0 30 30
1225.jpg 1 0 0 30 30
1226.jpg 1 0 0 30 30
1227.jpg 1 0 0 30 30
1228.jpg 1 0 0 30 30
1229.jpg 1 0 0 30 30
1230.jpg 1 0 0 30 30
1231.jpg 1 0 0 30 30
1232.jpg 1 0 0 30 30
1233.jpg 1 0 0 30 30
1234.jpg 1 0 0 30 30
1235.jpg 1 0 0 30 30
1236.jpg 1 0 0 30 30
1237.jpg 1 0 0 30 30
1238.jpg 1 0 0 30 30
1239.jpg 1 0 0 30 30
1240.jpg 1 0 0 30 30
1241.jpg 1 0 0 30 30
1242.jpg 1 0 0 30 30
1243.jpg 1 0 0 30 30
1244.jpg 1 0 0 30 30
1245.jpg 1 0 0 30 30
1246.jpg 1 0 0 30 30
1247.jpg 1 0 0 30 30
1248.jpg 1 0 0 30 30
1249.jpg 1 0 0 30 30
1250.jpg 1 0 0 30 30
1251.jpg 1 0 0 30 30
1252.jpg 1 0 0 30 30
1253.jpg 1 0 0 30 30
1254.jpg 1 0 0 30 30
1255.jpg 1 0 0 30 30
1256.jpg 1 0 0 30 30
1257.jpg 1 0 0 30 30
1258.jpg 1 0 0 30 30
1259.jpg 1 0 0 30 30
1260.jpg 1 0 0 30 30
1261.jpg 1 0 0 30 30
1262.jpg 1 0 0 30 30
1263.jpg 1 0 0 30 30
1264.jpg 1 0 0 30 30
1265.jpg 1 0 0 30 30
1266.jpg 1 0 0 30 30
1267.jpg 1 0 0 30 30
1268.jpg 1 0 0 30 30
1269.jpg 1 0 0 30 30
1270.jpg 1 0 0 30 30
1271.jpg 1 0 0 30 30
1272.jpg 1 0 0 30 30
1273.jpg 1 0 0 30 30
1274.jpg 1 0 0 30 30
1275.jpg 1 0 0 30 30
1276.jpg 1 0 0 30 30
1277.jpg 1 0 0 30 30
1278.jpg 1 0 0 30 30
1279.jpg 1 0 0 30 30
1280.jpg 1 0 0 30 30
1281.jpg 1 0 0 30 30
1282.jpg 1 0 0 30 30
1283.jpg 1 0 0 30 30
1284.jpg 1 0 0 30 30
1285.jpg 1 0 0 30 30
1286.jpg 1 0 0 30 30
1287.jpg 1 0 0 30 30
1288.jpg 1 0 0 30 30
1289.jpg 1 0 0 30 30
1290.jpg 1 0 0 30 30
1291.jpg 1 0 0 30 30
1292.jpg 1 0 0 30 30
1293.jpg 1 0 0 30 30
1294.jpg 1 0 0 30 30
1295.jpg 1 0 0 30 30
1296.jpg 1 0 0 30 30
1297.jpg 1 0 0 30 30
1298.jpg 1 0 0 30 30
1299.jpg 1 0 0 30 30
1300.jpg 1 0 0 30 30
1301.jpg 1 0 0 30 30
1302.jpg 1 0 0 30 30
1303.jpg 1 0 0 30 30
1304.jpg 1 0 0 30 30
1305.jpg 1 0 0 30 30
1306.jpg 1 0 0 30 30
1307.jpg 1 0 0 30 30
1308.jpg 1 0 0 30 30
1309.jpg 1 0 0 30 30
1310.jpg 1 0 0 30 30
1311.jpg 1 0 0 30 30
1312.jpg 1 0 0 30 30
1313.jpg 1 0 0 30 30
1314.jpg 1 0 0 30 30
1315.jpg 1 0 0 30 30
1316.jpg 1 0 0 30 30
1317.jpg 1 0 0 30 30
1318.jpg 1 0 0 30 30
1319.jpg 1 0 0 30 30
1320.jpg 1 0 0 30 30
1321.jpg 1 0 0 30 30
1322.jpg 1 0 0 30 30
1323.jpg 1 0 0 30 30
1324.jpg 1 0 0 30 30
1325.jpg 1 0 0 30 30
1326.jpg 1 0 0 30 30
1327.jpg 1 0 0 30 30
1328.jpg 1 0 0 30 30
1329.jpg 1 0 0 30 30
1330.jpg 1 0 0 30 30
1331.jpg 1 0 0 30 30
1332.jpg 1 0 0 30 30
1333.jpg 1 0 0 30 30
1334.jpg 1 0 0 30 30
1335.jpg 1 0 0 30 30
1336.jpg 1 0 0 30 30
1337.jpg 1 0 0 30 30
1338.jpg 1 0 0 30 30
1339.jpg 1 0 0 30 30
1340.jpg 1 0 0 30 30
1341.jpg 1 0 0 30 30
1342.jpg 1 0 0 30 30
1343.jpg 1 0 0 30 30
1344.jpg 1 0 0 30 30
1345.jpg 1 0 0 30 30
1346.jpg 1 0 0 30 30
1347.jpg 1 0 0 30 30
1348.jpg 1 0 0 30 30
1349.jpg 1 0 0 30 30
1350.jpg 1 0 0 30 30
1351.jpg 1 0 0 30 30
1352.jpg 1 0 0 30 30
1353.jpg 1 0 0 30 30
1354.jpg 1 0 0 30 30
1355.jpg 1 0 0 30 30
1356.jpg 1 0 0 30 30
1357.jpg 1 0 0 30 30
1358.jpg 1 0 0 30 30
1359.jpg 1 0 0 30 30
1360.jpg 1 0 0 30 30
1361.jpg 1 0 0 30 30
1362.jpg 1 0 0 30 30
1363.jpg 1 0 0 30 30
1364.jpg 1 0 0 30 30
1365.jpg 1 0 0 30 30
1366.jpg 1 0 0 30 30
1367.jpg 1 0 0 30 30
1368.jpg 1 0 0 30 30
1369.jpg 1 0 0 30 30
1370.jpg 1 0 0 30 30
1371.jpg 1 0 0 30 30
1372.jpg 1 0 0 30 30
1373.jpg 1 0 0 30 30
1374.jpg 1 0 0 30 30
1375.jpg 1 0 0 30 30
1376.jpg 1 0 0 30 30
1377.jpg 1 0 0 30 30
1378.jpg 1 0 0 30 30
1379.jpg 1 0 0 30 30
1380.jpg 1 0 0 30 30
1381.jpg 1 0 0 30 30
1382.jpg 1 0 0 30 30
1383.jpg 1 0 0 30 30
1384.jpg 1 0 0 30 30
1385.jpg 1 0 0 30 30
1386.jpg 1 0 0 30 30
1387.jpg 1 0 0 30 30
1388.jpg 1 0 0 30 30
1389.jpg 1 0 0 30 30
1390.jpg 1 0 0 30 30
1391.jpg 1 0 0 30 30
1392.jpg 1 0 0 30 30
1393.jpg 1 0 0 30 30
1394.jpg 1 0 0 30 30
1395.jpg 1 0 0 30 30
1396.jpg 1 0 0 30 30
1397.jpg 1 0 0 30 30
1398.jpg 1 0 0 30 30
1399.jpg 1 0 0 30 30
1400.jpg 1 0 0 30 30
1401.jpg 1 0 0 30 30
1402.jpg 1 0 0 30 30
1403.jpg 1 0 0 30 30
1404.jpg 1 0 0 30 30
1405.jpg 1 0 0 30 30
1406.jpg 1 0 0 30 30
1407.jpg 1 0 0 30 30
1408.jpg 1 0 0 30 30
1409.jpg 1 0 0 30 30
1410.jpg 1 0 0 30 30
1411.jpg 1 0 0 30 30
1412.jpg 1 0 0 30 30
1413.jpg 1 0 0 30 30
1414.jpg 1 0 0 30 30
1415.jpg 1 0 0 30 30
1416.jpg 1 0 0 30 30
1417.jpg 1 0 0 30 30
1418.jpg 1 0 0 30 30
1419.jpg 1 0 0 30 30
1420.jpg 1 0 0 30 30
1421.jpg 1 0 0 30 30
1422.jpg 1 0 0 30 30
1423.jpg 1 0 0 30 30
1424.jpg 1 0 0 30 30
1425.jpg 1 0 0 30 30
1426.jpg 1 0 0 30 30
1427.jpg 1 0 0 30 30
1428.jpg 1 0 0 30 30
1429.jpg 1 0 0 30 30
1430.jpg 1 0 0 30 30
1431.jpg 1 0 0 30 30
1432.jpg 1 0 0 30 30
1433.jpg 1 0 0 30 30
1434.jpg 1 0 0 30 30
1435.jpg 1 0 0 30 30
1436.jpg 1 0 0 30 30
1437.jpg 1 0 0 30 30
1438.jpg 1 0 0 30 30
1439.jpg 1 0 0 30 30
1440.jpg 1 0 0 30 30
1441.jpg 1 0 0 30 30
1442.jpg 1 0 0 30 30
1443.jpg 1 0 0 30 30
1444.jpg 1 0 0 30 30
1445.jpg 1 0 0 30 30
1446.jpg 1 0 0 30 30
1447.jpg 1 0 0 30 30
1448.jpg 1 0 0 30 30
1449.jpg 1 0 0 30 30
1450.jpg 1 0 0 30 30
1451.jpg 1 0 0 30 30
1452.jpg 1 0 0 30 30
1453.jpg 1 0 0 30 30
1454.jpg 1 0 0 30 30
1455.jpg 1 0 0 30 30
1456.jpg 1 0 0 30 30
1457.jpg 1 0 0 30 30
1458.jpg 1 0 0 30 30
1459.jpg 1 0 0 30 30
1460.jpg 1 0 0 30 30
1461.jpg 1 0 0 30 30
1462.jpg 1 0 0 30 30
1463.jpg 1 0 0 30 30
1464.jpg 1 0 0 30 30
1465.jpg 1 0 0 30 30
1466.jpg 1 0 0 30 30
1467.jpg 1 0 0 30 30
1468.jpg 1 0 0 30 30
1469.jpg 1 0 0 30 30
1470.jpg 1 0 0 30 30
1471.jpg 1 0 0 30 30
1472.jpg 1 0 0 30 30
1473.jpg 1 0 0 30 30
1474.jpg 1 0 0 30 30
1475.jpg 1 0 0 30 30
1476.jpg 1 0 0 30 30
1477.jpg 1 0 0 30 30
1478.jpg 1 0 0 30 30
1479.jpg 1 0 0 30 30
1480.jpg 1 0 0 30 30
1481.jpg 1 0 0 30 30
1482.jpg 1 0 0 30 30
1483.jpg 1 0 0 30 30
1484.jpg 1 0 0 30 30
1485.jpg 1 0 0 30 30
1486.jpg 1 0 0 30 30
1487.jpg 1 0 0 30 30
1488.jpg 1 0 0 30 30
1489.jpg 1 0 0 30 30
1490.jpg 1 0 0 30 30
1491.jpg 1 0 0 30 30
1492.jpg 1 0 0 30 30
1493.jpg 1 0 0 30 30
1494.jpg 1 0 0 30 30
1495.jpg 1 0 0 30 30
1496.jpg 1 0 0 30 30
1497.jpg 1 0 0 30 30
1498.jpg 1 0 0 30 30
1499.jpg 1 0 0 30 30
1500.jpg 1 0 0 30 30
1501.jpg 1 0 0 30 30
1502.jpg 1 0 0 30 30
1503.jpg 1 0 0 30 30
1504.jpg 1 0 0 30 30
1505.jpg 1 0 0 30 30
1506.jpg 1 0 0 30 30
1507.jpg 1 0 0 30 30
1508.jpg 1 0 0 30 30
1509.jpg 1 0 0 30 30
1510.jpg 1 0 0 30 30
1511.jpg 1 0 0 30 30
1512.jpg 1 0 0 30 30
1513.jpg 1 0 0 30 30
1514.jpg 1 0 0 30 30
1515.jpg 1 0 0 30 30
1516.jpg 1 0 0 30 30
1517.jpg 1 0 0 30 30
1518.jpg 1 0 0 30 30
1519.jpg 1 0 0 30 30
1520.jpg 1 0 0 30 30
1521.jpg 1 0 0 30 30
1522.jpg 1 0 0 30 30
1523.jpg 1 0 0 30 30
1524.jpg 1 0 0 30 30
1525.jpg 1 0 0 30 30
1526.jpg 1 0 0 30 30
1527.jpg 1 0 0 30 30
1528.jpg 1 0 0 30 30
1529.jpg 1 0 0 30 30
1530.jpg 1 0 0 30 30
1531.jpg 1 0 0 30 30
1532.jpg 1 0 0 30 30
1533.jpg 1 0 0 30 30
1534.jpg 1 0 0 30 30
1535.jpg 1 0 0 30 30
1536.jpg 1 0 0 30 30
1537.jpg 1 0 0 30 30
1538.jpg 1 0 0 30 30
1539.jpg 1 0 0 30 30
1540.jpg 1 0 0 30 30
1541.jpg 1 0 0 30 30
1542.jpg 1 0 0 30 30
1543.jpg 1 0 0 30 30
1544.jpg 1 0 0 30 30
1545.jpg 1 0 0 30 30
1546.jpg 1 0 0 30 30
1547.jpg 1 0 0 30 30
1548.jpg 1 0 0 30 30
1549.jpg 1 0 0 30 30
1550.jpg 1 0 0 30 30
1551.jpg 1 0 0 30 30
1552.jpg 1 0 0 30 30
1553.jpg 1 0 0 30 30
1554.jpg 1 0 0 30 30
1555.jpg 1 0 0 30 30
1556.jpg 1 0 0 30 30
1557.jpg 1 0 0 30 30
1558.jpg 1 0 0 30 30
1559.jpg 1 0 0 30 30
1560.jpg 1 0 0 30 30
1561.jpg 1 0 0 30 30
1562.jpg 1 0 0 30 30
1563.jpg 1 0 0 30 30
1564.jpg 1 0 0 30 30
1565.jpg 1 0 0 30 30
1566.jpg 1 0 0 30 30
1567.jpg 1 0 0 30 30
1568.jpg 1 0 0 30 30
1569.jpg 1 0 0 30 30
1570.jpg 1 0 0 30 30
1571.jpg 1 0 0 30 30
1572.jpg 1 0 0 30 30
1573.jpg 1 0 0 30 30
1574.jpg 1 0 0 30 30
1575.jpg 1 0 0 30 30
1576.jpg 1 0 0 30 30
1577.jpg 1 0 0 30 30
1578.jpg 1 0 0 30 30
1579.jpg 1 0 0 30 30
1580.jpg 1 0 0 30 30
1581.jpg 1 0 0 30 30
1582.jpg 1 0 0 30 30
1583.jpg 1 0 0 30 30
1584.jpg 1 0 0 30 30
1585.jpg 1 0 0 30 30
1586.jpg 1 0 0 30 30
1587.jpg 1 0 0 30 30
1588.jpg 1 0 0 30 30
1589.jpg 1 0 0 30 30
1590.jpg 1 0 0 30 30
1591.jpg 1 0 0 30 30
1592.jpg 1 0 0 30 30
1593.jpg 1 0 0 30 30
1594.jpg 1 0 0 30 30
1595.jpg 1 0 0 30 30
1596.jpg 1 0 0 30 30
1597.jpg 1 0 0 30 30
1598.jpg 1 0 0 30 30
1599.jpg 1 0 0 30 30
1600.jpg 1 0 0 30 30
1601.jpg 1 0 0 30 30
1602.jpg 1 0 0 30 30
1603.jpg 1 0 0 30 30
1604.jpg 1 0 0 30 30
1605.jpg 1 0 0 30 30
1606.jpg 1 0 0 30 30
1607.jpg 1 0 0 30 30
1608.jpg 1 0 0 30 30
1609.jpg 1 0 0 30 30
1610.jpg 1 0 0 30 30
1611.jpg 1 0 0 30 30
1612.jpg 1 0 0 30 30
1613.jpg 1 0 0 30 30
1614.jpg 1 0 0 30 30
1615.jpg 1 0 0 30 30
1616.jpg 1 0 0 30 30
1617.jpg 1 0 0 30 30
1618.jpg 1 0 0 30 30
1619.jpg 1 0 0 30 30
1620.jpg 1 0 0 30 30
1621.jpg 1 0 0 30 30
1622.jpg 1 0 0 30 30
1623.jpg 1 0 0 30 30
1624.jpg 1 0 0 30 30
1625.jpg 1 0 0 30 30
1626.jpg 1 0 0 30 30
1627.jpg 1 0 0 30 30
1628.jpg 1 0 0 30 30
1629.jpg 1 0 0 30 30
1630.jpg 1 0 0 30 30
1631.jpg 1 0 0 30 30
1632.jpg 1 0 0 30 30
1633.jpg 1 0 0 30 30
1634.jpg 1 0 0 30 30
1635.jpg 1 0 0 30 30
1636.jpg 1 0 0 30 30
1637.jpg 1 0 0 30 30
1638.jpg 1 0 0 30 30
1639.jpg 1 0 0 30 30
1640.jpg 1 0 0 30 30
1641.jpg 1 0 0 30 30
1642.jpg 1 0 0 30 30
1643.jpg 1 0 0 30 30
1644.jpg 1 0 0 30 30
1645.jpg 1 0 0 30 30
1646.jpg 1 0 0 30 30
1647.jpg 1 0 0 30 30
1648.jpg 1 0 0 30 30
1649.jpg 1 0 0 30 30
1650.jpg 1 0 0 30 30
1651.jpg 1 0 0 30 30
1652.jpg 1 0 0 30 30
1653.jpg 1 0 0 30 30
1654.jpg 1 0 0 30 30
1655.jpg 1 0 0 30 30
1656.jpg 1 0 0 30 30
1657.jpg 1 0 0 30 30
1658.jpg 1 0 0 30 30
1659.jpg 1 0 0 30 30
1660.jpg 1 0 0 30 30
1661.jpg 1 0 0 30 30
1662.jpg 1 0 0 30 30
1663.jpg 1 0 0 30 30
1664.jpg 1 0 0 30 30
1665.jpg 1 0 0 30 30
1666.jpg 1 0 0 30 30
1667.jpg 1 0 0 30 30
1668.jpg 1 0 0 30 30
1669.jpg 1 0 0 30 30
1670.jpg 1 0 0 30 30
1671.jpg 1 0 0 30 30
1672.jpg 1 0 0 30 30
1673.jpg 1 0 0 30 30
1674.jpg 1 0 0 30 30
1675.jpg 1 0 0 30 30
1676.jpg 1 0 0 30 30
1677.jpg 1 0 0 30 30
1678.jpg 1 0 0 30 30
1679.jpg 1 0 0 30 30
1680.jpg 1 0 0 30 30
1681.jpg 1 0 0 30 30
1682.jpg 1 0 0 30 30
1683.jpg 1 0 0 30 30
1684.jpg 1 0 0 30 30
1685.jpg 1 0 0 30 30
1686.jpg 1 0 0 30 30
1687.jpg 1 0 0 30 30
1688.jpg 1 0 0 30 30
1689.jpg 1 0 0 30 30
1690.jpg 1 0 0 30 30
1691.jpg 1 0 0 30 30
1692.jpg 1 0 0 30 30
1693.jpg 1 0 0 30 30
1694.jpg 1 0 0 30 30
1695.jpg 1 0 0 30 30
1696.jpg 1 0 0 30 30
1697.jpg 1 0 0 30 30
1698.jpg 1 0 0 30 30
1699.jpg 1 0 0 30 30
1700.jpg 1 0 0 30 30
1701.jpg 1 0 0 30 30
1702.jpg 1 0 0 30 30
1703.jpg 1 0 0 30 30
1704.jpg 1 0 0 30 30
1705.jpg 1 0 0 30 30
1706.jpg 1 0 0 30 30
1707.jpg 1 0 0 30 30
1708.jpg 1 0 0 30 30
1709.jpg 1 0 0 30 30
1710.jpg 1 0 0 30 30
1711.jpg 1 0 0 30 30
1712.jpg 1 0 0 30 30
1713.jpg 1 0 0 30 30
1714.jpg 1 0 0 30 30
1715.jpg 1 0 0 30 30
1716.jpg 1 0 0 30 30
1717.jpg 1 0 0 30 30
1718.jpg 1 0 0 30 30
1719.jpg 1 0 0 30 30
1720.jpg 1 0 0 30 30
1721.jpg 1 0 0 30 30
1722.jpg 1 0 0 30 30
1723.jpg 1 0 0 30 30
1724.jpg 1 0 0 30 30
1725.jpg 1 0 0 30 30
1726.jpg 1 0 0 30 30
1727.jpg 1 0 0 30 30
1728.jpg 1 0 0 30 30
1729.jpg 1 0 0 30 30
1730.jpg 1 0 0 30 30
1731.jpg 1 0 0 30 30
1732.jpg 1 0 0 30 30
1733.jpg 1 0 0 30 30
1734.jpg 1 0 0 30 30
1735.jpg 1 0 0 30 30
1736.jpg 1 0 0 30 30
1737.jpg 1 0 0 30 30
1738.jpg 1 0 0 30 30
1739.jpg 1 0 0 30 30
1740.jpg 1 0 0 30 30
1741.jpg 1 0 0 30 30
1742.jpg 1 0 0 30 30
1743.jpg 1 0 0 30 30
1744.jpg 1 0 0 30 30
1745.jpg 1 0 0 30 30
1746.jpg 1 0 0 30 30
1747.jpg 1 0 0 30 30
1748.jpg 1 0 0 30 30
1749.jpg 1 0 0 30 30
1750.jpg 1 0 0 30 30
1751.jpg 1 0 0 30 30
1752.jpg 1 0 0 30 30
1753.jpg 1 0 0 30 30
1754.jpg 1 0 0 30 30
1755.jpg 1 0 0 30 30
1756.jpg 1 0 0 30 30
1757.jpg 1 0 0 30 30
1758.jpg 1 0 0 30 30
1759.jpg 1 0 0 30 30
1760.jpg 1 0 0 30 30
1761.jpg 1 0 0 30 30
1762.jpg 1 0 0 30 30
1763.jpg 1 0 0 30 30
1764.jpg 1 0 0 30 30
1765.jpg 1 0 0 30 30
1766.jpg 1 0 0 30 30
1767.jpg 1 0 0 30 30
1768.jpg 1 0 0 30 30
1769.jpg 1 0 0 30 30
1770.jpg 1 0 0 30 30
1771.jpg 1 0 0 30 30
1772.jpg 1 0 0 30 30
1773.jpg 1 0 0 30 30
1774.jpg 1 0 0 30 30
1775.jpg 1 0 0 30 30
1776.jpg 1 0 0 30 30
1777.jpg 1 0 0 30 30
1778.jpg 1 0 0 30 30
1779.jpg 1 0 0 30 30
1780.jpg 1 0 0 30 30
1781.jpg 1 0 0 30 30
1782.jpg 1 0 0 30 30
1783.jpg 1 0 0 30 30
1784.jpg 1 0 0 30 30
1785.jpg 1 0 0 30 30
1786.jpg 1 0 0 30 30
1787.jpg 1 0 0 30 30
1788.jpg 1 0 0 30 30
1789.jpg 1 0 0 30 30
1790.jpg 1 0 0 30 30
1791.jpg 1 0 0 30 30
1792.jpg 1 0 0 30 30
1793.jpg 1 0 0 30 30
1794.jpg 1 0 0 30 30
1795.jpg 1 0 0 30 30
1796.jpg 1 0 0 30 30
1797.jpg 1 0 0 30 30
1798.jpg 1 0 0 30 30
1799.jpg 1 0 0 30 30
1800.jpg 1 0 0 30 30
1801.jpg 1 0 0 30 30
1802.jpg 1 0 0 30 30
1803.jpg 1 0 0 30 30
1804.jpg 1 0 0 30 30
1805.jpg 1 0 0 30 30
1806.jpg 1 0 0 30 30
1807.jpg 1 0 0 30 30
1808.jpg 1 0 0 30 30
1809.jpg 1 0 0 30 30
1810.jpg 1 0 0 30 30
1811.jpg 1 0 0 30 30
1812.jpg 1 0 0 30 30
1813.jpg 1 0 0 30 30
1814.jpg 1 0 0 30 30
1815.jpg 1 0 0 30 30
1816.jpg 1 0 0 30 30
1817.jpg 1 0 0 30 30
1818.jpg 1 0 0 30 30
1819.jpg 1 0 0 30 30
1820.jpg 1 0 0 30 30
1821.jpg 1 0 0 30 30
1822.jpg 1 0 0 30 30
1823.jpg 1 0 0 30 30
1824.jpg 1 0 0 30 30
1825.jpg 1 0 0 30 30
1826.jpg 1 0 0 30 30
1827.jpg 1 0 0 30 30
1828.jpg 1 0 0 30 30
1829.jpg 1 0 0 30 30
1830.jpg 1 0 0 30 30
1831.jpg 1 0 0 30 30
1832.jpg 1 0 0 30 30
1833.jpg 1 0 0 30 30
1834.jpg 1 0 0 30 30
1835.jpg 1 0 0 30 30
1836.jpg 1 0 0 30 30
1837.jpg 1 0 0 30 30
1838.jpg 1 0 0 30 30
1839.jpg 1 0 0 30 30
1840.jpg 1 0 0 30 30
1841.jpg 1 0 0 30 30
1842.jpg 1 0 0 30 30
1843.jpg 1 0 0 30 30
1844.jpg 1 0 0 30 30
1845.jpg 1 0 0 30 30
1846.jpg 1 0 0 30 30
1847.jpg 1 0 0 30 30
1848.jpg 1 0 0 30 30
1849.jpg 1 0 0 30 30
1850.jpg 1 0 0 30 30
1851.jpg 1 0 0 30 30
1852.jpg 1 0 0 30 30
1853.jpg 1 0 0 30 30
1854.jpg 1 0 0 30 30
1855.jpg 1 0 0 30 30
1856.jpg 1 0 0 30 30
1857.jpg 1 0 0 30 30
1858.jpg 1 0 0 30 30
1859.jpg 1 0 0 30 30
1860.jpg 1 0 0 30 30
1861.jpg 1 0 0 30 30
1862.jpg 1 0 0 30 30
1863.jpg 1 0 0 30 30
1864.jpg 1 0 0 30 30
1865.jpg 1 0 0 30 30
1866.jpg 1 0 0 30 30
1867.jpg 1 0 0 30 30
1868.jpg 1 0 0 30 30
1869.jpg 1 0 0 30 30
1870.jpg 1 0 0 30 30
1871.jpg 1 0 0 30 30
1872.jpg 1 0 0 30 30
1873.jpg 1 0 0 30 30
1874.jpg 1 0 0 30 30
1875.jpg 1 0 0 30 30
1876.jpg 1 0 0 30 30
1877.jpg 1 0 0 30 30
1878.jpg 1 0 0 30 30
1879.jpg 1 0 0 30 30
1880.jpg 1 0 0 30 30
1881.jpg 1 0 0 30 30
1882.jpg 1 0 0 30 30
1883.jpg 1 0 0 30 30
1884.jpg 1 0 0 30 30
1885.jpg 1 0 0 30 30
1886.jpg 1 0 0 30 30
1887.jpg 1 0 0 30 30
1888.jpg 1 0 0 30 30
1889.jpg 1 0 0 30 30
1890.jpg 1 0 0 30 30
1891.jpg 1 0 0 30 30
1892.jpg 1 0 0 30 30
1893.jpg 1 0 0 30 30
1894.jpg 1 0 0 30 30
1895.jpg 1 0 0 30 30
1896.jpg 1 0 0 30 30
1897.jpg 1 0 0 30 30
1898.jpg 1 0 0 30 30
1899.jpg 1 0 0 30 30
1900.jpg 1 0 0 30 30
1901.jpg 1 0 0 30 30
1902.jpg 1 0 0 30 30
1903.jpg 1 0 0 30 30
1904.jpg 1 0 0 30 30
1905.jpg 1 0 0 30 30
1906.jpg 1 0 0 30 30
1907.jpg 1 0 0 30 30
1908.jpg 1 0 0 30 30
1909.jpg 1 0 0 30 30
1910.jpg 1 0 0 30 30
1911.jpg 1 0 0 30 30
1912.jpg 1 0 0 30 30
1913.jpg 1 0 0 30 30
1914.jpg 1 0 0 30 30
1915.jpg 1 0 0 30 30
1916.jpg 1 0 0 30 30
1917.jpg 1 0 0 30 30
1918.jpg 1 0 0 30 30
1919.jpg 1 0 0 30 30
1920.jpg 1 0 0 30 30
1921.jpg 1 0 0 30 30
1922.jpg 1 0 0 30 30
1923.jpg 1 0 0 30 30
1924.jpg 1 0 0 30 30
1925.jpg 1 0 0 30 30
1926.jpg 1 0 0 30 30
1927.jpg 1 0 0 30 30
1928.jpg 1 0 0 30 30
1929.jpg 1 0 0 30 30
1930.jpg 1 0 0 30 30
1931.jpg 1 0 0 30 30
1932.jpg 1 0 0 30 30
1933.jpg 1 0 0 30 30
1934.jpg 1 0 0 30 30
1935.jpg 1 0 0 30 30
1936.jpg 1 0 0 30 30
1937.jpg 1 0 0 30 30
1938.jpg 1 0 0 30 30
1939.jpg 1 0 0 30 30
1940.jpg 1 0 0 30 30
1941.jpg 1 0 0 30 30
1942.jpg 1 0 0 30 30
1943.jpg 1 0 0 30 30
1944.jpg 1 0 0 30 30
1945.jpg 1 0 0 30 30
1946.jpg 1 0 0 30 30
1947.jpg 1 0 0 30 30
1948.jpg 1 0 0 30 30
1949.jpg 1 0 0 30 30
1950.jpg 1 0 0 30 30
1951.jpg 1 0 0 30 30
1952.jpg 1 0 0 30 30
1953.jpg 1 0 0 30 30
1954.jpg 1 0 0 30 30
1955.jpg 1 0 0 30 30
1956.jpg 1 0 0 30 30
1957.jpg 1 0 0 30 30
1958.jpg 1 0 0 30 30
1959.jpg 1 0 0 30 30
1960.jpg 1 0 0 30 30
1961.jpg 1 0 0 30 30
1962.jpg 1 0 0 30 30
1963.jpg 1 0 0 30 30
1964.jpg 1 0 0 30 30
1965.jpg 1 0 0 30 30
1966.jpg 1 0 0 30 30
1967.jpg 1 0 0 30 30
1968.jpg 1 0 0 30 30
1969.jpg 1 0 0 30 30
1970.jpg 1 0 0 30 30
1971.jpg 1 0 0 30 30
1972.jpg 1 0 0 30 30
1973.jpg 1 0 0 30 30
1974.jpg 1 0 0 30 30
1975.jpg 1 0 0 30 30
1976.jpg 1 0 0 30 30
1977.jpg 1 0 0 30 30
1978.jpg 1 0 0 30 30
1979.jpg 1 0 0 30 30
1980.jpg 1 0 0 30 30
1981.jpg 1 0 0 30 30
1982.jpg 1 0 0 30 30
1983.jpg 1 0 0 30 30
1984.jpg 1 0 0 30 30
1985.jpg 1 0 0 30 30
1986.jpg 1 0 0 30 30
1987.jpg 1 0 0 30 30
1988.jpg 1 0 0 30 30
1989.jpg 1 0 0 30 30
1990.jpg 1 0 0 30 30
1991.jpg 1 0 0 30 30
1992.jpg 1 0 0 30 30
1993.jpg 1 0 0 30 30
1994.jpg 1 0 0 30 30
1995.jpg 1 0 0 30 30
1996.jpg 1 0 0 30 30
1997.jpg 1 0 0 30 30
1998.jpg 1 0 0 30 30
1999.jpg 1 0 0 30 30
2000.jpg 1 0 0 30 30
